-1.475569
1.493930
0.313209
-0.210064
-1.029391
-1.942453
0.636268
0.213855
1.043594
-0.625928
1.031972
0.151721
0.391530
0.009913
0.985798
-0.508509
0.742526
0.781255
0.314300
-0.692460
0.707563
-0.188755
-1.003674
-0.064210
2.169914
0.704816
-1.374285
-0.867163
0.585243
-0.801281
-1.675694
0.117545
-0.225379
-0.467820
-0.669191
0.591672
0.300808
0.456196
1.750621
-0.728055
-0.831595
-1.368308
0.462151
0.827452
1.264133
2.199181
1.183101
-1.310322
0.763771
0.246030
-0.270040
1.513734
-0.965711
0.150543
0.028744
0.193953
0.371569
0.651500
-0.621667
2.153755
-0.577487
1.151977
0.089662
0.765544
0.496813
1.041064
-0.129660
0.793321
0.358800
-2.152456
-1.607427
-0.064728
0.045349
-0.948990
0.594570
0.087995
3.094025
1.469596
1.239892
-1.694738
1.415551
0.634773
-1.097880
1.155492
1.976175
0.895609
-1.191040
0.582798
0.774411
-1.517971
0.956591
-1.560450
0.466362
-0.335336
1.030625
1.821846
1.013679
0.613305
1.167537
-1.299783
